	src	trg	Weight
0	55	77	1
1	55	78	1
2	55	405	1
3	55	406	1
4	55	311	1
5	55	414	1
6	55	375	1
7	55	889	1
8	55	292	1
9	55	376	1
10	55	555	1
11	55	556	1
12	55	557	1
13	55	558	1
14	55	559	1
15	55	560	1
16	55	817	1
17	55	818	1
18	55	819	1
19	55	820	1
20	55	888	1
21	55	54	1
22	55	312	1
23	55	822	4
24	55	374	1
25	47	833	1
26	47	834	1
27	47	835	1
28	47	137	1
29	47	535	1
30	47	536	1
31	47	380	1
32	47	474	1
33	47	795	1
34	47	550	1
35	47	742	1
36	47	235	1
37	47	236	1
38	47	114	1
39	47	691	1
40	47	692	1
41	47	693	1
42	47	694	1
43	47	695	1
44	47	947	1
45	47	948	1
46	47	314	1
47	47	59	1
48	47	826	1
49	47	701	1
50	47	181	1
51	114	384	1
52	114	1152	1
53	114	1153	1
54	114	775	1
55	114	137	3
56	114	784	2
57	114	785	2
58	114	912	1
59	114	794	1
60	114	155	4
61	114	795	1
62	114	1306	1
63	114	1307	1
64	114	1050	1
65	114	156	1
66	114	1065	1
67	114	1066	1
68	114	1067	1
69	114	1068	1
70	114	1069	1
71	114	1070	1
72	114	692	1
73	114	181	1
74	114	59	1
75	114	323	1
76	114	197	4
77	114	199	1
78	114	200	1
79	114	201	1
80	114	968	1
81	114	334	1
82	114	473	1
83	114	474	1
84	114	475	1
85	114	476	1
86	114	477	1
87	114	478	1
88	114	479	1
89	114	224	3
90	114	485	1
91	114	1132	1
92	114	112	1
93	114	113	2
94	114	115	1
95	114	116	1
96	114	117	2
97	114	118	3
98	114	248	1
99	114	634	1
100	45	324	4
101	45	965	1
102	45	966	1
103	45	851	1
104	45	215	2
105	45	1181	1
106	45	607	1
107	45	42	4
108	45	43	2
109	45	44	2
110	45	46	1
111	45	822	1
112	45	1208	1
113	45	123	1
114	45	958	1
115	45	959	1
116	87	384	1
117	87	65	1
118	87	1027	1
119	87	133	1
120	87	70	2
121	87	1040	1
122	87	80	1
123	87	1232	1
124	87	919	1
125	87	667	1
126	87	668	1
127	87	669	1
128	87	540	1
129	87	541	5
130	87	30	1
131	87	224	1
132	87	736	1
133	87	99	1
134	87	996	1
135	87	236	1
136	87	365	1
137	87	366	1
138	87	687	1
139	87	887	1
140	54	385	1
141	54	386	1
142	54	327	1
143	54	1033	1
144	54	1034	1
145	54	1242	1
146	54	223	4
147	54	736	1
148	54	231	1
149	54	232	1
150	54	426	1
151	54	814	1
152	54	53	3
153	54	185	1
154	81	1245	1
155	81	969	1
156	81	1003	1
157	81	527	1
158	81	369	1
159	81	468	1
160	81	1012	1
161	81	1303	1
162	81	1304	1
163	81	1305	1
164	81	570	2
165	81	765	1
166	81	766	1
167	81	767	1
168	48	963	1
169	48	164	1
170	48	134	1
171	48	109	1
172	48	429	1
173	48	245	1
174	48	86	1
175	48	542	1
176	70	384	1
177	70	736	1
178	70	68	1
179	70	69	1
180	70	76	1
181	70	919	1
182	70	887	1
183	137	197	3
184	137	198	1
185	137	136	1
186	137	138	1
187	137	139	3
188	137	140	1
189	137	200	1
190	137	202	2
191	137	203	1
192	137	154	1
193	137	155	2
194	137	156	1
195	137	474	1
196	137	224	1
197	137	1065	1
198	137	1066	1
199	137	1067	2
200	137	1068	1
201	137	1069	1
202	137	1070	2
203	137	497	1
204	137	117	1
205	137	634	1
206	137	248	1
207	137	249	1
208	137	314	2
209	137	59	3
210	137	701	1
211	223	231	1
212	223	232	1
213	223	1130	1
214	223	302	1
215	223	464	2
216	223	53	2
217	223	1174	1
218	390	419	3
219	390	420	4
220	390	140	1
221	390	627	1
222	390	793	2
223	220	384	1
224	220	270	1
225	220	527	1
226	220	689	1
227	220	219	1
228	325	454	1
229	325	872	1
230	325	873	1
231	325	874	1
232	325	875	1
233	325	876	1
234	325	877	1
235	325	878	1
236	325	53	1
237	325	341	1
238	325	441	1
239	68	98	1
240	68	69	1
241	68	1061	1
242	68	235	1
243	68	751	1
244	68	245	1
245	68	1238	1
246	68	661	1
247	68	664	1
248	68	158	1
249	208	209	1
250	213	364	1
251	213	210	1
252	213	211	1
253	213	212	1
254	213	602	1
255	30	128	1
256	30	65	1
257	30	129	1
258	30	130	1
259	30	841	1
260	30	842	1
261	30	80	1
262	30	792	1
263	30	99	2
264	30	935	1
265	30	365	1
266	30	366	1
267	30	751	1
268	30	120	1
269	65	841	1
270	65	842	1
271	65	79	1
272	65	80	2
273	65	786	1
274	65	411	1
275	65	637	1
276	139	136	1
277	139	138	1
278	139	140	1
279	139	202	1
280	139	203	1
281	139	790	1
282	139	155	1
283	139	810	1
284	139	1067	1
285	139	941	1
286	139	1070	1
287	139	942	1
288	139	943	1
289	139	944	1
290	139	117	1
291	139	248	1
292	139	634	1
293	139	59	1
294	139	191	1
295	185	545	1
296	185	880	1
297	185	180	1
298	185	184	1
299	185	186	4
300	202	203	1
301	202	59	1
302	302	716	1
303	302	301	1
304	302	303	1
305	302	304	1
306	302	401	1
307	302	402	1
308	302	403	1
309	302	404	1
310	364	868	1
311	364	199	1
312	364	363	1
313	364	751	1
314	364	602	1
315	634	332	1
316	634	790	1
317	634	474	1
318	634	923	1
319	634	924	1
320	634	925	1
321	634	224	1
322	634	1065	1
323	634	1066	1
324	634	1067	1
325	634	1068	1
326	634	1069	1
327	634	1070	1
328	634	815	1
329	634	941	1
330	634	942	1
331	634	943	1
332	634	944	1
333	634	1078	1
334	634	248	1
335	634	633	1
336	634	59	1
337	634	191	1
338	53	385	1
339	53	322	1
340	53	231	1
341	53	232	1
342	53	1130	1
343	53	814	1
344	86	897	1
345	86	164	1
346	86	585	1
347	86	523	1
348	86	524	1
349	86	109	1
350	86	429	1
351	99	128	1
352	99	129	1
353	99	448	1
354	99	100	1
355	99	365	1
356	99	366	1
357	99	239	1
358	99	80	1
359	117	384	1
360	117	197	2
361	117	199	1
362	117	201	1
363	117	470	1
364	117	472	1
365	117	476	1
366	117	670	1
367	117	671	1
368	117	480	1
369	117	481	1
370	117	482	1
371	117	483	1
372	117	484	1
373	117	225	1
374	117	237	1
375	117	112	1
376	117	113	2
377	117	115	1
378	117	116	1
379	117	118	1
380	117	119	1
381	117	248	1
382	117	249	1
383	155	1152	1
384	155	1153	1
385	155	384	1
386	155	795	1
387	155	197	1
388	155	154	1
389	155	784	1
390	155	785	1
391	155	692	1
392	155	794	1
393	155	156	1
394	41	962	1
395	41	109	1
396	41	429	1
397	59	192	1
398	59	1025	1
399	59	200	2
400	59	203	1
401	59	474	1
402	59	224	1
403	59	1065	1
404	59	1066	1
405	59	1067	1
406	59	1068	1
407	59	1069	1
408	59	1070	1
409	59	748	1
410	59	253	1
411	59	314	1
412	59	252	1
413	59	701	1
414	130	643	1
415	130	644	1
416	130	645	1
417	130	930	1
418	130	120	1
419	130	189	1
420	239	486	1
421	239	238	1
422	239	466	1
423	239	467	2
424	239	446	1
425	239	447	1
426	285	287	1
427	285	294	1
428	285	909	1
429	285	283	1
430	285	284	1
431	285	222	2
432	285	286	2
433	640	367	1
434	640	1270	1
435	640	911	1
436	63	953	3
437	63	209	1
438	63	779	1
439	63	62	1
440	125	121	1
441	125	126	1
442	125	127	1
443	197	384	2
444	197	198	1
445	197	199	1
446	197	334	1
447	197	784	1
448	197	785	1
449	197	794	1
450	197	795	1
451	197	224	1
452	197	485	1
453	197	248	2
454	197	249	1
455	224	775	1
456	224	334	1
457	224	541	1
458	224	1065	1
459	224	1066	1
460	224	1067	1
461	224	1068	1
462	224	1069	1
463	224	1070	1
464	224	119	1
465	236	133	1
466	236	778	1
467	236	235	1
468	236	779	1
469	236	663	1
470	236	280	1
471	414	1136	1
472	414	796	1
473	414	949	1
474	420	793	2
475	420	419	3
476	448	608	1
477	448	606	1
478	448	607	1
479	822	1289	1
480	42	324	4
481	42	43	1
482	42	44	1
483	42	46	1
484	42	607	1
485	110	327	2
486	110	685	2
487	110	686	1
488	110	977	1
489	110	978	1
490	110	979	1
491	110	980	1
492	122	1227	1
493	122	1228	1
494	122	305	1
495	122	120	1
496	122	121	1
497	122	123	1
498	122	124	1
499	140	736	1
500	140	1221	1
501	140	136	1
502	140	138	1
503	140	367	1
504	140	605	1
505	146	704	1
506	146	101	1
507	146	709	1
508	146	401	1
509	146	147	1
510	146	1051	1
511	146	702	1
512	146	703	2
513	186	184	1
514	186	545	1
515	266	974	1
516	266	975	1
517	266	272	1
518	266	976	1
519	266	216	1
520	324	1208	1
521	332	331	1
522	332	1078	1
523	332	1047	1
524	332	1048	1
525	411	416	1
526	411	417	1
527	411	961	1
528	411	772	1
529	411	838	1
530	411	853	1
531	411	187	4
532	411	415	1
533	775	1089	1
534	775	681	1
535	775	181	1
536	775	985	1
537	775	1306	1
538	775	1307	1
539	37	36	1
540	37	38	1
541	37	39	1
542	120	1080	1
543	120	1082	1
544	120	466	1
545	120	467	1
546	120	121	1
547	120	123	1
548	120	124	1
549	120	1081	1
550	222	131	1
551	222	287	1
552	222	743	1
553	222	744	1
554	222	745	1
555	222	746	1
556	222	747	1
557	222	277	1
558	222	283	1
559	222	284	1
560	222	286	2
561	306	290	1
562	306	74	1
563	306	409	1
564	306	307	2
565	306	407	1
566	306	408	1
567	306	313	1
568	367	368	1
569	367	1270	1
570	541	1040	1
571	541	665	1
572	541	540	1
573	541	669	1
574	751	1061	1
575	751	935	1
576	751	752	1
577	751	753	1
578	751	754	1
579	751	245	1
580	751	158	1
581	786	982	2
582	44	1091	1
583	44	1092	1
584	44	43	1
585	44	46	2
586	44	958	1
587	44	959	1
588	74	1148	1
589	74	290	1
590	109	164	1
591	109	429	3
592	109	1020	1
593	164	429	1
594	187	961	1
595	187	772	1
596	187	838	1
597	187	853	1
598	187	188	1
599	187	189	1
600	187	415	1
601	200	1025	1
602	200	199	1
603	200	201	1
604	200	252	1
605	200	253	1
606	245	1061	1
607	245	235	1
608	245	158	1
609	327	328	1
610	327	685	1
611	327	78	1
612	384	736	1
613	384	795	1
614	384	199	1
615	384	784	1
616	384	785	1
617	384	919	1
618	384	794	1
619	607	608	1
620	607	165	1
621	607	282	1
622	607	606	1
623	661	235	1
624	661	1198	1
625	736	1221	1
626	736	426	1
627	736	919	1
628	778	779	1
629	778	1029	1
630	940	873	1
631	940	938	1
632	940	939	1
633	940	991	1
634	80	960	1
635	80	365	1
636	80	366	1
637	80	79	1
638	119	225	1
639	119	132	1
640	121	123	1
641	121	124	1
642	123	124	1
643	158	1061	1
644	158	38	1
645	158	434	1
646	158	157	1
647	199	868	1
648	199	201	2
649	203	1099	1
650	203	1100	1
651	203	1101	1
652	203	1102	1
653	203	563	1
654	237	201	1
655	237	670	1
656	237	671	2
657	248	485	1
658	248	941	1
659	248	942	1
660	248	943	1
661	248	944	1
662	248	790	1
663	248	249	1
664	248	191	1
665	277	743	1
666	277	744	1
667	277	745	1
668	277	746	1
669	277	747	1
670	280	663	1
671	290	288	1
672	290	289	1
673	290	291	1
674	290	292	1
675	290	293	1
676	314	497	1
677	314	474	1
678	314	701	1
679	340	858	1
680	340	341	1
681	369	527	1
682	369	370	2
683	369	1303	1
684	369	1304	1
685	369	1305	1
686	401	704	1
687	401	402	1
688	401	403	1
689	401	404	1
690	401	702	1
691	401	703	1
692	419	793	2
693	423	447	1
694	423	422	1
695	423	1094	1
696	423	463	1
697	429	1020	1
698	441	490	1
699	441	491	1
700	441	492	1
701	441	493	1
702	441	442	1
703	447	446	1
704	447	1094	1
705	474	473	1
706	474	475	1
707	474	476	1
708	474	477	1
709	474	478	1
710	474	479	1
711	474	633	1
712	474	956	1
713	474	701	1
714	497	782	1
715	497	871	1
716	570	765	1
717	570	1245	2
718	570	766	1
719	570	767	1
720	602	928	1
721	602	929	1
722	602	616	1
723	602	526	1
724	782	856	1
725	782	781	1
726	782	871	1
727	790	836	1
728	790	941	1
729	790	942	1
730	790	943	1
731	790	944	1
732	790	882	1
733	790	883	1
734	790	795	1
735	790	191	1
736	938	939	1
737	938	1145	1
738	938	954	1
739	938	955	1
740	968	1050	1
741	43	965	1
742	43	966	1
743	43	46	1
744	78	328	1
745	78	77	1
746	79	177	1
747	101	1051	1
748	113	112	1
749	113	115	1
750	113	116	1
751	113	118	1
752	118	112	1
753	118	115	1
754	118	116	1
755	118	784	1
756	118	785	1
757	118	912	1
758	165	166	1
759	165	167	1
760	165	424	1
761	165	425	1
762	189	643	1
763	189	644	1
764	189	645	1
765	189	1002	1
766	189	188	1
767	201	670	1
768	201	671	1
769	216	974	1
770	216	975	1
771	216	272	1
772	216	976	1
773	216	217	1
774	216	218	1
775	226	402	1
776	226	574	1
777	227	769	1
778	227	770	1
779	227	228	1
780	227	773	2
781	227	229	1
782	227	742	1
783	227	772	1
784	227	774	1
785	227	771	1
786	270	342	1
787	292	288	1
788	292	289	1
789	292	291	1
790	292	293	1
791	292	310	1
792	292	311	1
793	292	312	1
794	328	552	1
795	328	553	1
796	328	554	1
797	402	403	1
798	402	404	1
799	467	466	2
800	467	486	1
801	527	1303	1
802	527	1304	1
803	527	1305	1
804	560	559	1
805	574	576	1
806	574	577	1
807	574	578	1
808	574	579	1
809	574	575	1
810	671	670	1
811	703	704	1
812	703	709	1
813	703	702	1
814	742	1120	1
815	742	1121	1
816	742	770	1
817	742	772	1
818	742	773	1
819	742	774	1
820	742	769	1
821	742	771	1
822	744	743	1
823	744	745	1
824	744	746	1
825	744	747	1
826	744	828	1
827	744	829	1
828	795	833	1
829	795	834	1
830	795	836	1
831	795	835	1
832	795	784	1
833	795	785	1
834	795	794	1
835	796	797	1
836	796	949	1
837	796	798	1
838	984	985	2
839	984	986	1
840	984	987	1
841	985	1089	1
842	985	681	1
843	985	181	1
844	985	986	1
845	985	987	1
846	36	38	1
847	36	39	1
848	38	39	1
849	38	434	1
850	126	127	1
851	128	129	1
852	154	156	1
853	181	1089	1
854	181	681	1
855	191	192	1
856	191	941	1
857	191	942	1
858	191	943	1
859	191	944	1
860	192	748	1
861	210	211	1
862	210	212	1
863	210	316	1
864	210	317	1
865	211	212	1
866	217	218	1
867	217	814	1
868	272	974	1
869	272	975	1
870	272	976	1
871	286	283	1
872	286	284	1
873	286	287	1
874	287	453	1
875	287	454	1
876	287	455	1
877	287	456	1
878	287	457	1
879	341	454	1
880	341	872	1
881	341	873	1
882	341	874	1
883	341	875	1
884	341	876	1
885	341	877	1
886	341	878	1
887	385	386	1
888	408	503	1
889	408	502	1
890	408	407	1
891	408	409	1
892	417	416	1
893	417	1016	1
894	417	1015	1
895	446	902	1
896	454	453	1
897	454	455	1
898	454	456	1
899	454	457	1
900	454	872	1
901	454	873	1
902	454	874	1
903	454	875	1
904	454	876	1
905	454	877	1
906	454	878	1
907	457	453	1
908	457	455	1
909	457	456	1
910	470	480	1
911	470	481	1
912	470	482	1
913	470	483	1
914	470	484	1
915	470	471	1
916	470	472	2
917	470	476	1
918	471	472	1
919	472	480	1
920	472	481	1
921	472	482	1
922	472	483	1
923	472	484	1
924	472	476	1
925	476	473	1
926	476	475	1
927	476	477	1
928	476	478	1
929	476	479	1
930	476	480	1
931	476	481	1
932	476	482	1
933	476	483	1
934	476	484	1
935	483	480	1
936	483	481	1
937	483	482	1
938	483	484	1
939	483	799	1
940	484	480	1
941	484	481	1
942	484	482	1
943	491	904	1
944	491	490	1
945	491	492	1
946	491	493	2
947	493	904	1
948	493	490	1
949	493	492	1
950	526	928	1
951	526	929	1
952	526	616	1
953	559	555	1
954	559	556	1
955	559	557	1
956	559	558	1
957	575	576	1
958	575	577	1
959	575	578	1
960	575	579	1
961	616	928	1
962	616	929	1
963	681	1089	1
964	681	680	1
965	681	682	1
966	682	680	1
967	691	692	1
968	691	693	1
969	691	694	1
970	691	695	1
971	691	884	1
972	692	1152	1
973	692	1153	1
974	692	693	1
975	692	694	1
976	692	695	1
977	765	766	1
978	765	767	1
979	767	766	1
980	772	961	1
981	772	770	1
982	772	773	1
983	772	774	1
984	772	769	1
985	772	771	1
986	772	853	1
987	773	769	1
988	773	770	1
989	773	774	1
990	773	771	1
991	784	785	2
992	784	794	1
993	785	794	1
994	797	798	1
995	797	879	1
996	815	816	1
997	815	923	1
998	815	924	1
999	815	925	1
1000	853	961	1
1001	853	852	1
1002	858	1285	1
1003	873	872	1
1004	873	874	1
1005	873	875	1
1006	873	876	1
1007	873	877	1
1008	873	878	1
1009	873	991	1
1010	1048	1072	1
1011	1048	1073	1
1012	1048	1047	1
1013	1048	1053	1
1014	1053	1073	1
1015	1053	1072	1
1016	1067	1066	1
1017	1067	1069	1
1018	1067	1070	2
1019	1067	1065	1
1020	1067	1068	1
1021	1070	1066	1
1022	1070	1069	1
1023	1070	1065	1
1024	1070	1068	1
1025	112	115	1
1026	112	116	1
1027	115	116	1
1028	136	138	1
1029	166	167	1
1030	228	229	1
1031	231	232	1
1032	252	253	1
1033	283	284	1
1034	288	289	1
1035	288	291	1
1036	288	293	1
1037	289	291	1
1038	289	293	1
1039	291	293	1
1040	301	304	1
1041	301	303	1
1042	303	304	1
1043	311	312	1
1044	316	317	1
1045	365	366	1
1046	374	375	1
1047	403	404	1
1048	405	406	1
1049	407	409	1
1050	424	425	1
1051	453	455	1
1052	453	456	1
1053	455	456	1
1054	473	475	1
1055	473	477	1
1056	473	478	1
1057	473	479	1
1058	475	477	1
1059	475	478	1
1060	475	479	1
1061	477	478	1
1062	477	479	1
1063	478	479	1
1064	480	481	1
1065	480	482	1
1066	481	482	1
1067	490	492	1
1068	502	503	1
1069	523	524	1
1070	535	536	1
1071	552	553	1
1072	552	554	1
1073	553	554	1
1074	555	556	1
1075	555	557	1
1076	555	558	1
1077	556	557	1
1078	556	558	1
1079	557	558	1
1080	576	577	1
1081	576	578	1
1082	576	579	1
1083	577	578	1
1084	577	579	1
1085	578	579	1
1086	606	608	1
1087	643	644	1
1088	643	645	1
1089	644	645	1
1090	667	668	1
1091	693	694	1
1092	693	695	1
1093	694	695	1
1094	702	704	1
1095	743	745	1
1096	743	746	1
1097	743	747	1
1098	745	746	1
1099	745	747	1
1100	746	747	1
1101	752	753	1
1102	752	754	1
1103	753	754	1
1104	769	770	1
1105	769	774	1
1106	769	771	1
1107	770	774	1
1108	770	771	1
1109	771	774	1
1110	817	818	1
1111	817	819	1
1112	817	820	1
1113	818	819	1
1114	818	820	1
1115	819	820	1
1116	828	829	1
1117	833	834	1
1118	833	835	1
1119	834	835	1
1120	841	842	1
1121	872	874	1
1122	872	875	1
1123	872	876	1
1124	872	877	1
1125	872	878	1
1126	874	875	1
1127	874	876	1
1128	874	877	1
1129	874	878	1
1130	875	876	1
1131	875	877	1
1132	875	878	1
1133	876	877	1
1134	876	878	1
1135	877	878	1
1136	882	883	1
1137	888	889	1
1138	923	924	1
1139	923	925	1
1140	924	925	1
1141	928	929	1
1142	941	942	1
1143	941	943	1
1144	941	944	1
1145	942	943	1
1146	942	944	1
1147	943	944	1
1148	947	948	1
1149	954	955	1
1150	958	959	1
1151	965	966	1
1152	974	975	1
1153	974	976	1
1154	975	976	1
1155	977	978	1
1156	977	979	1
1157	977	980	1
1158	978	979	1
1159	978	980	1
1160	979	980	1
1161	986	987	1
1162	1015	1016	1
1163	1033	1034	1
1164	1065	1066	1
1165	1065	1069	1
1166	1065	1068	1
1167	1066	1069	1
1168	1066	1068	1
1169	1068	1069	1
1170	1072	1073	1
1171	1080	1081	1
1172	1080	1082	1
1173	1081	1082	1
1174	1091	1092	1
1175	1099	1100	1
1176	1099	1101	1
1177	1099	1102	1
1178	1100	1101	1
1179	1100	1102	1
1180	1101	1102	1
1181	1120	1121	1
1182	1152	1153	1
1183	1227	1228	1
1184	1303	1304	1
1185	1303	1305	1
1186	1304	1305	1
1187	1306	1307	1
